cam0:
  T_cam_imu:
  - [-0.010119735581270578, -0.9999487131342202, 0.00040255804909149467, -0.0008231409705599969]
  - [-0.9999387181767272, 0.010121440045360836, 0.0044851245793814075, 0.06057423422578796]
  - [-0.004488969018557754, -0.00035714510480787517, -0.9999898607508604, -0.04412488127249198]
  - [0.0, 0.0, 0.0, 1.0]
  cam_overlaps: []
  camera_model: pinhole
  distortion_coeffs: [-0.27632825388178334, 0.0733041439096921, -0.00015408194536508488, -3.039378585093087e-05]
  distortion_model: radtan
  intrinsics: [448.24317239815787, 447.88113349903773, 325.2550869383401, 242.3517901446831]
  resolution: [640, 480]
  rostopic: /basler_camera/image_mono
  timeshift_cam_imu: -0.07681013393467574

  r_i_ci: [0.06036412,-0.00145196,-0.04439579]
  q_ic: [-0.7035252, 0.7106667, 0.0014371, 0.0017238 ]
