cam0:
  T_cam_imu:
  - [-0.0006966721261424143, -0.9999829418791139, 0.005799189490278748, -0.020759800254368917]
  - [-0.9998475093118874, 0.0007977453117129744, 0.017444819438317452, 0.03473733132795469]
  - [-0.017449148138706218, -0.005786151848434608, -0.9998310095591268, -0.024299163433658857]
  - [0.0, 0.0, 0.0, 1.0]
  cam_overlaps: []
  camera_model: pinhole
  distortion_coeffs: [-0.27632825388178334, 0.0733041439096921, -0.00015408194536508488, -3.039378585093087e-05]
  distortion_model: radtan
  intrinsics: [448.24317239815787, 447.88113349903773, 325.2550869383401, 242.3517901446831]
  resolution: [640, 480]
  rostopic: /basler_camera/image_mono
  timeshift_cam_imu: -0.0711860033791384

  q_ic: [-0.7068174, 0.7073363, 0.0041176, -0.0082171]
